SourcedStatement,SourceType,Name,Title,Justification
"Five years into their foundation work, the Currys announced Thursday a commitment to raise and invest $25 million over the next five years devoted to literacy programs that will provide one-on-one tutoring for children who are at least two grade levels behind in reading.",Named Organization Sources,Eat.Learn.Play. Foundation,,The foundation announced a new commitment to literacy programs.
AP NBA: https://apnews.com/hub/NBA,Named Organization Sources,AP News,,The article includes a link to AP News’ NBA coverage.
"“Everything happens for a reason and the journey gives you all type of different experiences along the way,” the 36-year-old Curry said Wednesday before hosting a charity golf tournament benefiting the couple’s Eat.Learn.Play. Foundation devoted to Oakland schools.",Named Person Sources,Stephen Curry,NBA player,Curry was speaking before hosting a charity golf tournament benefiting the couple’s Eat.Learn.Play. Foundation devoted to Oakland schools.
"“But this summer’s been amazing, just coming off a tough NBA year to experience what we did and get a win in the Olympics and some of the things I look forward to every year especially around our foundation and the work that we’re doing here in Oakland. ... It puts everything into perspective of what basketball has done for me and the doors that it’s opened and trying to take full advantage of it.”",Named Person Sources,Stephen Curry,NBA player,Curry was reflecting on his summer and the work he and his foundation are doing in Oakland.
"“It’s the same way I appreciate all the things I get to do on and off the court where it’s all connected,” Curry said.",Named Person Sources,Stephen Curry,NBA player,Curry was discussing the connection between his on-court achievements and his off-court work.
"“Me having fun going and winning a gold medal raised the platform to then be able to talk about stuff that matters even more. Being able to share those experiences with my family, the (foundation) team, they know especially while they were working tirelessly every day to make sure a day like today is executed and make sure our plan is locked in, I’m representing everybody out there on the court doing what I do.”",Named Person Sources,Stephen Curry,NBA player,Curry was discussing how his Olympic victory has helped raise awareness for his foundation’s work.
"“What’s interesting is it’s never been a one and done and we’ve always slow rolled things out because we love to build a model that kind of proves itself and can stand on its own,” Ayesha Curry said, acknowledging she observes her own children’s learning styles and how much she wants to support those without the same resources.",Named Person Sources,Ayesha Curry,Co-founder of Eat.Learn.Play. Foundation,Ayesha Curry was discussing the foundation’s approach to literacy programs and her personal observations of her children’s learning styles.
"“Working on it,” Curry said with a smile regarding the trademark before heading off to his golf cart.",Named Person Sources,Stephen Curry,NBA player,"Curry was discussing the process of trademarking his catchphrase “nuit, nuit.”"
Those children from Burckhalter Elementary School in Oakland were thrilled to have such a special field trip to Stanford Golf Course.,Unnamed Group of People,children,,These students have been part of a pilot tutoring program through the Currys’ foundation that is again expanding its reach in Oakland Unified School District after efforts last year included the revitalization of six schoolyards.
